1522200061
1522200061
0022200428
0022101143
0022101021
0022100996
0042000206
0021900969
0021900969
0021900957
0021900390    
0021900361    
0021801145    
0021801113    
0021800302    
0011800033    
1521800069    
1521800024    
0021700085    
0020201085    
0029600072    
0029300354    
0022100270    
0021300064    
0021200652    
0020400138    
0029900558    
0029800317    
0029800089    
0029701049    
0029601016    
0029600966    
0029600907    
0029600677    
0028800807    
0028700501    
0022200603    
0022100962    
0022000197    
0021900183    
0021900161    
0021900136    
0011900037    
1521900054    
0021801191    
0021801178    
0021801160    
0021800853    
0021800692    
0021800521    
0041700402    
0021700869    
0021700850    
0021600657    
0021500699    
0021300742    
0020901064    
0020300203    
0020300068    
0021900032    
0021800528    
0011700012    
0021600725    
0021300611    
0020800556    
1520800009    
0020500278    
0020200400    
0022100530    
0022100148    
0011800063    
0021700644    
0021600716    
0021600043    
0021300664    
0041200132    
0021201203    
0021201085    
0021200254    
0041100105    
0041100103    
0041100102    
0021100934    
0021100897    
0021100777    
0021100733    
0021100714    
0021100673    
0021100629    
